1000 10000
205 42
419 16
250 1
277 20
680 42
203 16
62 45
569 45
265 28
545 48
178 34
114 11
79 5
37 2
61 10
19 0
92 16
111 42
17 30
621 48
267 19
282 13
457 24
334 32
145 29
484 26
587 46
659 20
601 45
519 25
548 9
711 37
501 2
654 20
343 22
382 12
653 8
161 44
299 2
113 43
219 45
623 12
168 41
140 6
42 9
252 38
688 29
35 39
270 33
262 44
255 23
428 7
48 19
399 12
300 7
644 6
496 20
60 3
453 11
144 23
668 37
511 12
636 3
367 39
523 41
364 14
613 44
347 20
683 41
735 6
288 6
227 3
166 31
301 7
416 13
103 46
641 17
15 32
416 35
432 39
642 16
297 47
701 38
579 12
509 40
370 2
195 11
207 10
244 5
16 16
114 46
425 48
413 46
127 37
618 43
443 14
687 1
596 38
136 23
337 45
176 39
630 9
343 48
471 2
698 50
104 34
227 22
400 23
189 21
689 31
24 34
712 38
529 44
222 46
657 11
434 49
428 40
55 24
403 32
487 25
210 26
72 48
319 26
574 16
626 47
671 26
463 38
96 6
255 43
315 40
354 28
689 3
387 47
632 24
434 24
750 49
41 49
674 6
523 3
327 19
170 3
291 22
172 44
29 39
173 4
675 47
473 43
734 37
250 43
470 26
313 26
583 42
347 38
60 19
663 44
63 45
485 2
390 49
489 36
440 0
109 12
49 5
112 14
531 49
434 41
143 32
72 27
104 18
574 14
574 4
92 26
514 3
453 33
237 1
140 41
368 6
396 27
396 40
203 19
605 11
73 7
440 25
131 13
226 15
671 7
219 40
626 25
210 5
495 40
69 8
435 50
633 16
548 16
32 10
333 50
719 22
305 13
4 1
493 6
690 20
290 47
445 15
607 26
259 7
503 43
45 5
589 45
132 40
637 50
256 8
193 15
272 46
58 6
461 44
516 26
14 14
619 16
612 5
322 11
257 37
351 45
203 19
385 0
289 35
202 26
43 41
611 42
668 50
673 42
598 17
228 2
565 29
299 4
63 18
623 0
420 23
652 26
329 32
280 33
323 31
503 49
29 19
731 45
127 48
534 26
395 47
458 9
197 41
260 5
495 24
732 30
255 14
557 45
599 12
311 50
67 3
68 25
29 46
138 33
429 24
257 19
229 46
458 39
385 29
95 14
588 28
26 5
65 8
652 14
371 15
623 23
327 4
182 41
70 3
200 5
164 14
447 36
221 35
563 22
106 40
244 6
450 43
468 22
195 0
291 27
714 29
531 19
44 4
97 9
572 37
241 29
452 23
712 22
603 21
749 32
690 47
557 11
64 20
141 15
571 7
317 2
323 28
666 19
165 25
32 26
152 2
618 35
723 5
127 48
318 47
340 33
222 15
641 12
430 20
512 13
413 19
344 41
122 22
31 47
182 7
249 37
585 40
629 23
503 11
524 17
489 39
33 32
404 40
374 20
402 37
388 38
718 26
668 46
449 5
34 39
436 19
242 19
111 49
370 8
580 17
485 9
664 33
162 24
161 8
369 26
552 1
460 21
97 10
357 0
300 8
399 28
560 22
476 28
648 15
610 22
51 19
81 8
323 28
644 1
300 34
478 0
109 4
539 19
670 6
250 15
616 47
23 36
696 27
651 48
7 9
722 38
595 36
118 3
604 31
287 17
638 25
249 43
18 21
540 49
102 47
656 31
303 18
104 0
334 17
507 41
193 12
412 19
647 10
405 37
375 36
247 44
569 39
541 3
631 38
15 19
422 7
83 17
623 9
28 27
45 24
233 0
659 40
292 48
241 32
454 29
400 43
53 43
517 6
698 41
446 26
636 8
650 42
365 21
339 42
732 12
620 26
7 48
33 44
326 45
205 13
331 31
619 43
139 45
484 30
746 40
709 40
141 9
137 21
500 19
104 44
76 17
4 50
43 31
108 34
116 50
662 40
323 46
148 6
5 47
514 33
750 38
289 22
459 31
62 45
275 19
500 33
3 22
344 44
490 30
117 32
347 42
45 19
416 6
53 44
520 9
699 41
532 6
520 25
569 49
95 5
216 30
306 9
597 23
190 30
553 27
208 21
76 44
583 7
404 50
344 23
230 36
476 48
360 15
646 33
356 30
291 20
313 40
477 8
254 30
332 29
122 9
740 41
247 18
332 6
12 42
385 22
207 23
542 47
27 17
358 20
321 8
461 27
81 43
397 2
583 48
391 5
105 42
733 45
174 43
396 43
507 2
330 4
236 6
654 3
60 15
255 42
91 8
461 15
519 8
360 48
472 46
548 1
131 44
117 19
22 15
653 15
142 29
150 20
381 39
150 6
225 45
115 16
605 22
477 44
597 39
125 35
697 35
743 1
386 14
19 10
579 21
327 44
617 24
604 28
397 14
376 44
38 42
680 45
476 33
508 45
535 37
359 16
457 43
265 44
470 30
279 27
481 40
654 49
156 46
537 22
90 20
63 47
737 25
85 14
439 38
309 50
78 12
159 29
502 12
231 33
255 46
377 37
23 15
484 20
257 1
277 6
454 5
644 48
78 13
660 24
294 4
21 34
402 2
48 44
466 5
481 1
116 50
707 16
583 9
673 22
96 8
312 22
284 17
706 26
306 7
161 31
747 39
236 24
9 47
478 19
606 49
490 26
648 27
374 3
409 26
393 17
624 32
77 42
548 13
555 33
650 36
26 28
123 14
203 18
47 16
615 22
298 8
238 33
468 24
431 21
618 32
357 40
63 45
665 26
12 45
368 44
560 4
636 43
84 46
655 13
489 9
250 29
55 47
40 19
425 10
303 3
235 14
628 21
317 49
384 45
651 5
74 4
504 25
515 39
194 40
410 25
492 4
654 3
727 37
249 7
324 37
148 43
582 24
43 42
330 48
417 4
222 4
455 36
707 39
652 15
354 19
345 47
3 7
491 44
262 23
517 15
6 8
516 17
655 5
484 28
245 25
659 44
156 16
316 29
111 38
462 3
620 22
114 15
165 30
372 31
285 14
73 9
48 34
672 16
534 17
645 31
16 45
702 14
714 34
525 0
644 47
272 49
631 3
684 44
381 36
84 10
504 34
442 29
265 25
271 14
687 11
301 48
507 21
531 0
301 40
494 11
237 42
102 4
131 38
117 14
322 44
93 33
728 50
422 34
689 23
451 18
415 29
483 23
375 26
343 25
420 9
484 49
95 2
137 10
284 35
738 10
627 50
562 14
407 19
413 9
642 49
207 49
445 31
72 0
279 33
728 17
712 8
745 45
87 40
20 39
341 28
410 10
655 33
26 27
125 17
107 37
127 25
532 8
569 17
472 22
63 21
241 18
404 20
123 4
173 43
22 1
404 34
99 42
554 45
289 29
53 9
221 48
458 31
562 13
217 3
422 49
125 48
363 5
378 44
512 7
711 2
164 15
731 45
62 28
690 23
261 15
463 2
71 16
395 23
630 11
420 24
431 18
48 47
718 40
118 43
97 3
369 41
108 37
645 36
602 43
664 28
49 13
283 46
231 19
187 38
477 14
118 27
75 12
490 35
162 43
192 26
395 17
511 33
424 5
145 28
564 4
583 27
722 39
560 3
392 28
122 39
291 15
81 30
524 14
255 5
194 21
341 15
715 19
295 8
400 20
546 10
106 32
540 16
743 42
427 8
233 39
419 19
421 20
434 39
693 0
436 31
507 16
124 1
411 3
75 24
231 41
315 33
466 15
379 21
519 4
155 32
514 19
590 4
446 17
475 29
571 0
383 13
724 31
523 39
381 37
193 44
560 14
277 17
159 42
164 44
618 48
114 39
75 33
361 42
570 9
300 40
482 37
178 33
626 28
318 1
122 34
51 7
456 45
373 48
510 23
233 16
90 26
82 34
515 20
197 41
175 5
678 2
506 32
356 49
209 28
231 2
155 6
194 9
649 23
646 28
639 41
388 28
342 4
637 41
529 16
316 7
126 27
464 41
69 4
509 25
611 40
281 22
528 13
743 24
297 0
261 26
515 27
189 15
511 34
545 21
590 29
689 31
410 30
400 18
377 47
679 29
703 31
128 7
174 13
21 3
41 37
38 1
95 10
678 26
413 23
642 6
231 40
526 3
248 29
580 16
713 50
143 5
728 3
102 21
496 9
604 30
626 28
381 32
703 41
635 31
257 44
648 16
298 27
1 47
464 25
218 6
120 26
702 6
394 47
66 43
228 5
35 12
531 31
296 35
422 18
382 7
464 25
387 40
181 17
313 9
654 5
648 3
504 34
624 34
320 32
37 17
453 0
400 42
642 12
676 45
663 14
402 37
634 35
591 31
351 9
396 45
286 17
73 37
301 33
699 48
69 45
423 8
510 44
249 36
277 22
554 37
632 47
468 29
528 22
72 34
285 1
152 38
22 15
550 28
471 27
435 7
115 27
230 45
301 5
85 41
698 23
279 3
98 34
109 22
119 23
748 37
78 10
737 23
688 17
541 40
571 47
307 5
397 32
70 19
59 28
736 33
325 12
120 3
372 40
571 35
5 35
421 17
44 4
346 42
554 24
574 1
203 15
83 11
493 25
421 21
4 28
712 18
510 21
168 11
96 26
318 12
17 39
52 20
135 50
340 38
584 50
582 34
513 32
263 22
432 4
133 1
513 18
527 30
567 41
148 19
438 28
621 31
144 0
130 6
577 5
619 35
406 14
603 49
210 19
68 17
683 29
464 31
161 10
448 6
432 25
691 9
129 28
436 46
304 22
607 29
656 9
551 11
324 25
23 25
295 44
722 0
612 43
466 44
162 38
212 12
27 11
460 31
710 5
487 13
343 15
729 32
170 42
294 46
568 1
637 6
600 49
434 35
546 0
619 18
503 7
345 46
181 21
577 25
18 39
737 46
554 2
133 50
281 35
687 50
318 20
305 5
483 48
169 32
456 42
1 47
466 48
555 4
385 12
712 48
718 29
151 10
120 15
343 34
175 16
361 12
179 44
561 0
615 1
128 11
292 17
276 15
128 36
72 42
342 28
690 48
502 48
397 2
457 21
217 29
122 36
128 0
400 45
272 8
496 19
495 45
168 35
266 25
412 48
647 16
666 47
441 40
624 41
698 45
374 23
269 43
379 42
608 12
227 32
659 42
650 35
461 7
588 15
392 18
269 27
216 39
399 31
511 5
651 3
209 41
624 7
78 3
89 30
389 48
749 49
98 0
149 27
183 30
19 40
713 28
709 47
733 23
12 29
569 18
192 24
91 21
622 49
649 26
401 45
526 36
85 48
299 30
410 23
611 20
375 22
642 32
22 22
159 40
188 50
153 40
169 44
44 48
226 28
552 20
545 28
617 9
447 19
360 38
128 48
659 42
444 14
675 47
112 45
189 37
736 37
402 27
567 47
217 35
726 40
13 11
259 42
706 34
508 35
749 27
289 24
444 9
265 0
482 4
389 0
489 39
176 45
78 2
663 44
748 25
106 36
110 16
648 48
594 21
138 29
535 14
481 23
122 20
498 28
298 31
311 1
475 29
710 36
345 2
297 15
25 17
490 6
290 17
323 31
66 46
636 48
159 8
280 36
353 22
522 27
285 43
181 5
356 41
716 11
168 34
335 16
175 10
470 49
104 38
245 23
450 28
691 42
681 36
395 4
746 19
102 38
417 46
580 17
504 13
748 28
453 40
242 48
364 11
295 21
473 47
380 29
234 49
707 29
31 37
258 17
434 44
722 13
77 40
167 41
581 13
24 7
654 36
276 10
154 3
144 44
220 23
278 25
718 13
499 32
508 46
149 34
35 5
41 39
713 15
360 27
467 12
742 2
380 50
219 1
700 25
408 20
240 42
281 37
648 7
94 9
248 36
679 15
617 46
380 11
464 4
425 24
81 10
704 30
612 25
187 15
92 17
603 14
80 43
309 10
26 47
662 34
75 24
715 40
342 32
4 38
2 30
655 3
258 38
466 13
183 1
105 45
152 27
459 0
371 32
44 43
628 50
302 8
346 17
205 39
482 13
339 35
437 32
689 9
658 26
223 38
560 4
175 31
495 3
153 13
634 33
531 26
176 38
92 49
591 15
642 12
670 40
25 29
448 15
158 8
123 38
100 49
550 4
180 9
435 50
484 23
259 10
325 24
650 39
471 30
442 7
560 35
473 44
113 8
369 3
56 40
249 15
434 1
326 13
695 43
307 49
735 33
470 18
41 2
30 32
354 38
382 25
328 29
193 8
544 46
635 36
157 16
653 0
169 11
735 33
91 39
667 11
114 8
682 4
107 46
553 27
89 43
302 17
353 39
636 22
261 22
286 16
277 20
655 44
17 4
424 5
66 2
553 29
475 1
75 7
14 37
636 38
413 25
658 22
109 32
630 1
96 6
478 16
561 11
593 24
333 42
677 17
116 13
28 19
366 45
285 32
44 33
525 30
28 1
330 21
611 22
434 45
63 25
276 0
681 43
44 20
362 18
684 45
529 48
640 6
279 9
517 25
296 11
394 50
565 48
496 11
670 23
117 0
620 17
60 47
407 18
69 44
601 17
433 6
653 29
404 17
638 2
363 23
389 25
174 22
63 0
8 32
406 19
430 48
133 6
598 27
17 11
218 9
436 2
353 10
402 2
610 8
7 13
35 30
45 47
531 27
9 5
69 37
42 18
660 45
650 25
278 3
120 47
309 34
167 26
405 8
481 40
512 12
680 17
78 17
527 50
671 46
547 45
254 49
17 27
318 28
162 16
125 3
618 19
613 16
306 1
10 42
659 31
621 20
615 27
445 47
375 26
249 41
539 34
239 30
177 47
397 13
108 10
232 23
473 22
690 7
541 23
651 45
747 16
683 49
410 13
440 21
710 19
641 2
737 1
320 9
69 29
662 45
299 45
615 49
713 46
32 36
724 25
687 42
369 32
716 19
411 6
737 10
445 19
27 24
605 33
430 8
607 23
580 47
297 18
356 35
157 29
189 11
633 23
75 50
230 13
669 33
324 24
612 1
324 37
272 4
3 27
89 38
268 49
639 47
521 41
424 22
670 33
392 21
258 44
196 26
272 18
534 44
352 17
478 20
100 8
280 47
270 40
469 28
53 0
331 50
387 31
679 25
694 41
432 33
735 26
231 20
308 0
53 9
342 48
621 10
372 41
154 31
371 40
79 47
258 20
347 42
690 18
561 43
452 35
263 42
643 42
34 48
189 14
403 17
298 38
157 34
284 40
272 43
233 2
65 32
528 45
671 37
183 43
651 21
259 19
397 47
741 24
543 40
279 34
550 34
442 19
611 17
7 8
244 21
694 18
693 11
31 39
233 3
34 28
131 44
425 20
296 25
214 15
315 46
573 33
195 29
172 35
609 2
558 22
419 33
39 34
312 2
2 10
720 13
354 11
589 36
141 38
211 11
194 44
30 30
307 8
528 1
545 38
378 25
231 29
381 0
228 33
661 43
214 16
572 17
433 9
660 43
321 18
327 16
705 22
2 24
30 0
239 4
65 13
536 35
132 50
218 0
153 34
116 7
257 36
232 44
704 4
173 22
246 7
351 3
486 50
650 0
387 3
721 45
164 36
67 0
662 2
3 11
364 39
155 41
280 48
596 28
598 37
505 50
221 46
490 44
452 34
476 48
514 3
406 32
185 39
310 30
68 4
315 41
356 12
340 1
478 0
346 7
403 31
703 43
364 0
193 8
180 20
673 21
164 39
194 5
665 39
455 49
339 19
451 27
71 2
157 17
106 18
349 48
390 24
154 8
606 7
623 26
672 35
467 44
114 43
738 35
338 15
597 49
560 33
494 12
361 45
175 4
714 20
297 20
238 11
129 23
688 29
215 26
148 18
504 28
436 46
429 17
349 6
704 11
379 5
697 15
275 31
85 48
432 0
46 24
73 22
501 1
110 22
392 18
736 20
553 29
33 3
411 3
268 34
38 13
702 44
135 36
234 17
197 22
667 48
241 37
414 50
265 2
720 17
544 41
454 49
484 16
99 18
546 49
348 9
324 43
284 26
583 1
178 16
691 19
386 1
248 40
724 45
17 50
429 43
101 38
74 24
501 30
377 39
218 37
532 25
334 34
172 30
286 45
154 4
348 22
619 24
165 46
681 43
277 33
655 50
674 28
240 0
731 47
184 12
11 6
178 10
496 9
708 32
528 26
421 15
358 31
709 21
133 44
355 42
113 35
662 37
167 40
308 42
655 11
100 9
548 23
587 29
71 35
29 1
561 35
185 18
223 36
273 1
223 2
263 22
480 2
512 25
448 49
548 25
88 39
568 47
422 34
222 5
729 42
636 37
141 41
26 19
586 45
527 17
31 20
330 27
241 1
76 34
660 16
405 34
730 28
291 15
693 39
8 24
720 1
3 29
509 14
507 33
745 6
428 47
635 48
179 7
324 37
484 4
627 2
522 39
689 26
31 2
729 40
513 5
185 30
721 43
644 34
100 35
46 37
65 38
389 42
108 0
313 7
483 1
731 23
200 45
605 44
652 20
347 46
501 29
115 32
405 18
260 3
203 35
8 41
268 38
575 36
348 31
358 0
76 38
71 50
455 43
574 8
6 50
567 42
683 8
624 3
465 40
93 8
646 4
236 18
697 41
499 18
302 28
300 48
634 46
216 3
677 8
511 12
23 23
249 19
660 45
710 36
159 16
347 36
202 49
204 6
75 40
259 5
574 36
31 20
747 34
6 13
239 2
200 16
717 18
152 47
248 24
227 6
4 3
462 3
55 34
292 38
685 24
346 47
425 33
577 30
607 6
517 11
172 22
45 22
126 12
92 48
174 40
395 37
613 30
149 33
568 37
178 34
70 6
77 38
545 31
123 33
733 43
561 33
686 21
320 49
598 27
567 50
341 25
520 15
109 48
321 22
298 42
214 34
369 47
721 37
571 4
418 24
422 41
204 41
652 17
186 3
547 37
382 32
117 43
584 21
693 30
198 27
500 47
103 17
16 2
300 48
298 36
84 16
745 24
479 3
421 38
641 13
679 34
62 30
13 21
381 24
629 25
146 28
50 33
170 5
257 30
571 36
486 43
663 12
390 39
675 45
738 17
299 45
242 9
582 9
466 46
383 11
243 0
624 39
292 16
323 12
133 33
280 14
269 31
231 8
572 2
352 40
255 29
182 32
86 30
703 9
110 37
124 36
370 23
526 23
14 25
394 16
227 35
459 3
496 38
70 41
530 6
270 43
610 29
380 24
298 6
678 30
275 26
279 18
441 35
228 1
644 46
30 38
703 37
57 27
728 12
12 11
352 39
192 13
80 36
618 13
601 24
742 45
434 5
123 43
682 46
381 48
78 24
537 39
270 7
80 13
634 39
511 15
402 36
388 39
390 0
259 7
188 40
598 7
272 1
590 39
614 42
638 12
119 45
319 49
161 43
252 42
613 37
441 38
625 31
360 11
423 35
502 30
369 8
509 2
618 0
176 25
86 5
587 2
18 24
367 11
726 32
515 49
243 35
746 6
258 31
581 26
27 13
165 48
248 8
151 17
31 25
536 36
724 16
371 28
166 14
613 39
574 16
100 48
244 23
504 14
84 40
581 7
711 17
240 41
188 41
740 17
177 6
426 48
216 3
583 2
187 3
519 34
374 6
190 7
51 26
398 47
463 36
53 35
160 15
498 34
416 27
710 21
740 13
722 4
563 17
72 19
97 15
506 40
376 11
739 25
7 30
229 30
17 15
233 14
720 9
119 41
686 38
266 31
11 47
670 16
577 5
208 25
591 32
9 17
70 38
187 0
671 27
189 6
464 2
89 7
451 39
685 19
565 44
351 47
243 21
367 34
612 14
42 45
326 47
172 19
599 17
192 13
223 50
50 35
564 17
310 29
342 26
597 16
644 33
339 1
618 32
532 48
320 37
400 34
603 39
223 12
558 0
433 49
579 38
261 42
625 25
356 24
40 6
375 20
631 47
448 5
247 14
21 19
662 40
126 26
685 46
474 8
428 14
577 42
63 16
50 19
533 44
423 39
621 21
176 11
225 44
310 48
649 34
560 22
681 12
535 7
746 18
411 6
214 29
508 37
157 47
355 50
448 9
174 27
376 25
30 38
203 36
60 48
326 47
459 22
675 40
391 46
370 12
603 25
198 41
150 1
311 23
661 8
578 31
65 17
236 33
297 12
173 2
626 27
137 14
147 4
294 7
284 9
624 25
223 23
10 43
109 38
132 29
94 37
245 19
712 21
312 17
514 13
20 24
96 37
171 35
730 16
730 48
218 49
197 33
617 26
307 0
281 47
425 29
414 42
259 29
578 27
176 39
265 39
421 2
637 33
446 18
590 25
450 38
236 41
243 27
179 0
574 3
547 36
367 50
486 22
32 38
539 0
314 41
40 0
134 36
596 23
391 8
53 11
502 6
369 44
577 5
226 4
341 36
490 43
154 27
26 19
231 47
474 15
387 29
716 27
729 23
95 47
628 8
531 0
246 4
115 18
476 30
162 12
165 7
250 4
607 33
405 40
641 30
305 19
218 43
738 38
535 9
220 46
676 33
303 6
587 27
226 28
360 19
7 41
467 23
417 42
222 24
45 31
284 8
114 44
128 32
725 46
227 12
314 14
30 31
750 35
221 21
743 16
345 28
172 21
391 13
66 27
196 43
574 8
303 1
312 21
27 5
591 29
294 20
741 27
600 12
643 10
661 3
606 33
708 20
419 3
216 4
279 38
380 15
153 27
93 25
491 12
558 10
694 31
230 22
297 14
703 47
640 47
744 15
577 1
206 24
612 2
495 45
156 27
612 4
384 36
366 20
514 8
557 26
692 39
382 29
586 33
371 14
465 23
570 43
371 30
704 23
20 50
558 5
750 32
601 7
666 23
429 21
465 5
239 18
163 30
617 50
143 44
547 3
747 13
566 24
206 0
297 13
498 42
351 8
617 14
735 7
325 43
330 39
696 27
27 38
290 47
387 38
27 38
82 41
720 4
741 42
286 27
527 1
538 21
43 45
548 42
635 46
517 17
216 31
512 24
277 21
339 24
167 24
300 33
293 37
466 27
342 1
336 1
42 27
466 15
185 29
109 35
544 27
21 36
508 1
525 30
288 38
714 40
13 33
492 29
404 35
226 28
733 7
534 46
473 41
14 50
338 24
580 19
688 37
21 0
744 29
529 3
502 19
707 37
258 40
637 2
607 18
574 44
322 10
58 33
145 30
516 10
623 40
748 50
418 26
481 10
685 13
71 10
76 8
229 49
348 14
4 8
216 25
222 28
276 36
93 18
258 42
407 28
742 35
599 33
47 0
593 24
188 0
473 18
57 4
742 1
706 28
619 33
489 8
233 2
126 3
76 8
263 31
530 50
673 38
677 5
49 5
578 23
655 39
271 24
207 20
164 12
347 21
740 38
420 3
560 29
431 8
647 16
697 41
561 38
207 3
475 34
131 44
65 26
68 20
240 3
217 28
213 40
121 8
114 43
606 31
221 35
291 44
464 5
116 21
564 47
445 33
743 38
336 4
284 45
436 36
158 13
686 9
515 8
633 27
722 18
128 47
176 41
122 22
424 47
469 11
418 48
283 48
713 40
744 11
603 33
578 23
538 9
642 30
277 10
52 11
320 40
475 19
683 33
668 32
195 39
113 32
215 26
680 46
642 17
505 23
491 33
109 45
150 7
78 45
130 3
625 19
628 11
297 24
423 11
697 34
359 7
388 15
555 12
155 19
199 3
306 35
40 32
240 33
746 47
127 39
5 36
144 31
356 17
708 48
664 49
293 35
92 34
259 30
1 25
504 11
418 5
420 25
708 7
673 20
85 50
119 36
506 50
195 49
214 45
733 39
290 2
100 39
465 29
635 3
681 26
622 10
707 41
122 8
308 2
458 10
357 40
63 18
553 50
677 48
436 8
591 27
540 26
54 1
110 32
390 48
325 18
660 27
517 25
59 10
272 25
708 31
95 20
643 3
489 11
31 28
440 30
663 5
326 11
139 47
123 10
290 11
336 45
350 22
320 5
111 15
688 30
560 30
249 50
744 46
708 23
29 7
662 6
273 2
625 44
434 48
88 9
48 1
203 16
505 2
288 34
32 44
477 7
464 4
19 37
387 6
310 42
238 5
546 17
409 5
37 49
28 0
613 32
285 38
266 37
425 22
579 40
309 50
396 43
683 1
380 24
562 36
410 40
499 14
500 43
253 11
546 18
588 24
503 31
570 23
503 21
31 34
640 31
87 25
144 10
22 10
274 4
684 41
82 7
520 21
456 45
413 29
491 37
76 9
335 16
683 21
12 7
264 12
371 46
172 44
733 3
617 49
129 27
329 16
179 48
232 13
566 38
679 25
330 4
16 20
156 49
747 30
11 20
614 5
404 25
317 43
565 4
381 28
644 42
502 16
267 34
698 24
215 14
535 30
158 38
245 43
52 45
165 34
551 0
666 8
664 40
719 16
628 39
37 7
489 30
170 28
706 4
490 35
328 21
87 4
407 19
356 37
41 1
701 2
341 35
514 15
24 39
468 22
330 22
121 48
334 1
193 2
515 13
11 26
496 36
695 50
625 24
327 35
412 41
62 39
441 23
583 40
632 0
136 0
398 12
232 2
320 46
146 22
28 7
688 24
117 39
590 48
519 42
127 40
461 16
152 34
513 5
72 21
64 7
402 28
214 34
243 0
626 28
226 8
21 24
297 3
307 38
237 18
129 5
53 4
448 10
554 11
374 17
297 21
493 45
712 41
244 0
358 44
384 22
381 14
567 41
354 11
435 47
491 14
115 13
448 4
622 33
258 4
178 5
315 47
737 27
616 10
74 20
75 29
208 1
202 5
397 3
742 43
90 7
118 26
488 31
714 37
521 50
205 10
463 13
261 31
404 25
632 18
427 17
723 29
6 21
706 32
362 50
118 15
115 40
635 27
436 40
69 20
132 29
740 33
604 47
315 1
70 34
453 32
398 3
387 12
132 13
71 28
144 32
703 19
354 44
430 27
691 11
22 50
699 43
695 12
131 31
6 34
350 33
683 28
683 38
484 20
696 16
726 14
565 45
260 18
639 24
73 21
644 10
396 14
448 18
505 49
408 30
351 30
293 0
641 19
580 41
740 18
64 46
703 21
587 24
633 21
272 36
346 13
304 19
306 1
594 35
357 28
704 26
734 35
719 47
36 27
293 26
179 16
335 45
503 39
252 22
192 12
91 43
690 45
535 32
180 49
373 2
310 46
106 41
298 44
702 35
61 36
359 0
117 25
76 14
549 18
743 6
638 23
638 34
475 39
567 15
259 39
507 35
120 32
624 16
245 49
284 33
512 36
206 35
466 2
378 30
447 46
576 40
428 30
705 30
267 6
254 47
307 2
149 48
739 3
102 30
612 14
10 36
189 31
110 42
150 27
67 50
478 16
441 47
654 37
109 27
507 19
298 22
191 44
48 37
48 36
4 33
724 28
645 45
14 10
220 26
153 2
723 33
334 11
94 21
381 15
97 2
402 32
59 31
48 13
598 4
68 42
396 36
187 0
511 38
139 21
322 8
287 3
625 45
672 24
428 21
38 13
459 13
534 34
733 1
64 12
501 26
321 40
749 44
720 39
344 23
594 46
535 1
644 1
344 2
575 28
709 49
563 24
217 44
664 3
383 29
2 9
177 12
436 14
120 30
515 24
402 12
407 29
386 8
144 45
151 29
269 37
69 45
742 15
114 7
246 0
460 25
188 0
32 22
22 30
721 6
167 10
464 47
442 50
200 25
231 25
354 26
427 21
226 44
388 50
414 22
167 45
501 45
707 3
225 49
581 40
312 1
723 21
530 21
567 20
277 38
201 33
445 47
202 39
574 20
107 16
99 34
718 20
430 5
8 5
385 34
80 30
94 38
615 32
296 7
575 14
163 23
87 7
244 1
586 32
320 16
601 24
672 19
677 42
40 19
49 47
180 27
626 49
337 25
284 12
537 34
653 43
366 27
540 34
713 1
590 26
559 14
602 5
107 31
425 37
497 39
119 35
478 31
41 2
713 44
499 7
227 33
682 24
224 9
2 22
375 15
79 36
8 38
383 41
342 29
327 42
65 32
531 29
401 1
576 9
481 12
342 32
289 12
8 39
163 22
428 2
221 38
401 7
253 3
548 8
126 25
674 3
631 37
429 33
556 23
140 46
269 18
386 1
475 39
333 24
297 34
633 30
242 17
296 50
500 17
246 32
157 9
418 5
201 1
270 1
324 10
321 1
343 39
604 2
465 29
342 5
559 5
695 32
421 7
219 29
520 3
168 10
600 28
689 12
401 21
553 9
53 30
153 23
88 43
210 19
446 4
664 44
232 37
269 31
722 42
265 50
297 26
587 15
681 3
582 3
245 30
554 4
309 30
331 44
725 40
481 8
126 17
303 34
258 47
555 25
349 6
513 49
91 42
317 38
72 15
46 41
62 29
397 8
198 36
262 8
630 9
254 25
644 47
728 4
695 19
84 10
42 40
164 0
607 48
702 21
166 18
49 49
339 10
251 39
543 1
265 43
245 42
429 21
700 0
102 22
670 29
143 26
708 38
652 13
579 9
414 3
431 50
452 32
682 8
327 12
656 35
66 37
454 25
450 47
708 17
731 13
733 19
100 41
60 47
517 6
450 30
703 21
212 49
6 37
281 48
132 18
117 50
359 39
689 7
92 50
35 38
118 11
36 22
404 40
14 45
68 32
196 7
99 32
219 7
213 40
214 44
251 17
459 37
728 9
19 32
386 25
105 8
192 14
314 38
510 8
272 12
236 4
749 31
405 19
286 24
718 3
446 7
564 19
486 41
737 40
153 34
444 16
310 27
329 1
461 34
722 6
471 33
149 50
324 28
292 11
344 26
574 29
529 9
245 6
487 37
578 37
651 38
459 40
259 48
298 40
219 15
352 38
287 46
364 50
59 47
437 10
487 16
549 23
631 18
299 32
739 27
655 38
193 10
380 6
585 28
80 4
703 7
543 7
132 45
96 0
676 24
580 41
99 31
71 30
561 15
273 50
523 44
548 19
560 35
488 29
407 28
335 8
647 0
516 40
118 49
275 6
284 13
560 0
49 6
515 3
228 50
509 7
85 21
1 14
174 10
123 16
326 13
383 23
386 27
2 34
164 35
492 31
614 34
721 8
159 35
182 8
682 35
412 4
695 1
184 17
555 29
173 24
185 1
741 29
646 9
560 11
355 31
264 0
731 50
706 33
55 12
535 44
535 28
179 9
611 27
747 35
614 47
299 30
327 42
584 19
1 12
562 16
351 46
73 50
371 12
250 39
48 39
249 44
344 2
570 42
555 20
700 6
113 13
30 38
331 34
53 21
416 42
156 40
262 16
507 49
70 16
119 14
488 42
124 3
195 23
194 41
257 8
300 7
648 19
151 20
282 36
429 20
439 20
571 22
416 34
173 2
290 49
656 45
674 29
192 27
384 18
361 45
465 20
662 23
274 20
510 25
250 4
208 14
505 12
78 49
662 42
32 27
91 35
231 14
180 39
646 30
736 37
56 13
130 16
398 49
560 39
536 45
291 5
10 37
172 22
511 30
374 14
279 23
138 20
27 27
580 8
623 13
21 16
730 32
205 34
249 41
748 42
682 50
679 30
724 31
596 46
517 49
586 31
231 26
215 14
287 13
383 35
403 10
571 12
419 31
418 17
414 40
700 6
232 2
745 24
343 48
324 23
749 8
411 20
456 8
726 44
317 22
673 14
481 43
609 21
718 39
193 34
507 48
380 34
478 42
273 13
307 1
22 7
227 38
624 45
414 49
731 26
218 30
447 24
10 15
709 29
268 7
211 36
353 24
372 35
561 28
11 0
253 14
172 46
498 37
79 43
708 40
87 46
365 6
245 46
90 45
101 41
287 35
674 27
402 16
611 15
182 17
750 45
494 21
198 23
151 2
40 7
707 34
310 3
18 46
71 39
250 32
80 2
256 43
734 13
337 6
440 47
302 41
497 32
4 14
321 46
356 6
314 11
119 41
532 42
392 15
436 42
177 36
81 26
266 26
46 8
749 35
517 43
477 27
16 3
454 22
170 6
310 42
175 31
653 34
739 44
601 30
104 23
5 30
676 13
403 28
40 1
372 30
156 31
311 2
285 29
440 8
511 43
56 49
151 20
658 44
325 9
736 26
75 28
547 20
289 36
98 10
342 12
459 28
40 8
432 39
307 6
741 23
658 33
146 41
524 39
662 14
461 5
230 13
299 33
291 48
446 28
559 13
103 15
349 50
439 36
64 34
570 13
558 50
367 21
712 29
293 49
658 21
46 40
583 50
533 17
658 14
292 44
93 45
709 10
114 30
507 18
729 30
280 31
525 32
709 17
431 48
463 42
279 1
511 36
336 40
236 13
509 6
631 1
513 13
531 5
505 10
539 24
473 45
414 45
219 25
145 50
40 28
524 13
355 4
442 35
558 37
120 8
370 21
579 11
213 49
411 9
412 43
645 41
670 42
438 18
361 19
5 10
322 24
470 39
144 12
545 44
395 41
133 45
174 41
393 25
631 4
245 37
212 41
573 21
492 6
264 20
151 12
221 10
137 39
281 47
333 17
127 10
595 0
726 42
587 34
717 10
18 6
96 30
150 1
744 8
420 0
133 22
167 40
595 1
643 45
672 43
553 22
386 25
108 10
607 48
186 25
278 2
186 27
584 37
226 9
593 12
749 30
449 25
449 47
566 50
504 15
96 14
79 16
82 44
284 15
430 16
188 29
444 1
221 12
529 31
543 6
514 38
316 50
387 9
731 40
428 41
266 18
46 26
648 22
152 39
217 4
606 28
294 44
431 26
293 31
522 19
669 21
717 24
253 11
379 7
393 32
341 24
237 49
675 22
176 24
652 25
597 44
85 45
594 25
596 8
381 24
624 34
619 18
300 35
522 15
89 7
241 0
570 16
17 45
450 25
721 14
185 33
138 42
517 31
646 44
129 25
741 31
132 12
48 21
195 44
612 9
152 0
311 4
266 3
284 20
302 12
574 48
567 8
138 35
537 29
398 0
625 17
692 38
630 21
327 12
275 44
340 40
492 33
749 42
185 7
32 34
398 39
434 39
140 15
151 4
36 12
10 36
34 42
631 30
636 4
502 37
695 44
319 22
215 3
181 17
717 20
546 46
661 16
411 35
691 7
577 2
158 6
556 22
386 50
483 37
442 38
247 25
33 20
453 49
198 39
159 46
339 50
389 36
481 30
312 22
72 7
132 34
15 16
35 44
406 5
500 14
608 23
252 40
201 39
230 8
93 49
149 5
451 20
470 32
38 24
388 18
505 27
287 22
491 1
644 17
598 42
696 15
361 18
561 30
266 33
680 10
516 17
292 7
483 21
475 10
712 46
533 4
617 19
363 14
438 50
470 25
408 7
717 38
235 8
454 7
382 1
625 40
286 10
427 48
75 34
653 45
636 44
338 20
122 4
473 5
193 2
351 4
597 17
661 6
750 33
582 41
569 37
435 1
279 21
551 8
182 9
80 31
181 23
588 14
100 20
257 38
135 6
481 30
67 2
32 39
394 11
598 34
720 20
344 26
320 23
126 31
363 8
594 13
739 42
497 22
522 45
203 3
574 36
287 12
586 11
572 30
408 15
259 29
365 26
288 13
508 16
506 43
332 41
379 35
402 11
421 40
191 47
326 12
360 19
336 44
45 32
601 45
3 46
55 0
118 45
127 39
410 33
492 32
655 1
144 32
534 48
699 22
551 38
451 1
525 39
143 5
185 22
505 46
448 35
119 8
748 32
172 24
326 7
311 19
268 4
411 18
234 46
560 35
662 19
734 29
176 31
648 37
370 26
425 18
690 41
331 24
592 36
602 13
598 27
119 38
226 31
14 29
321 4
431 28
207 36
572 1
604 37
241 40
580 35
138 47
418 26
396 29
160 22
370 24
520 8
519 31
189 27
600 19
385 26
147 14
702 48
494 21
85 24
470 22
437 1
391 37
107 34
49 11
528 45
260 21
351 50
254 25
433 31
572 21
520 43
508 37
69 30
270 41
685 17
41 31
643 48
298 43
450 10
636 50
678 28
350 42
676 25
301 10
125 47
218 10
520 13
224 29
600 27
1 32
188 18
414 20
272 11
517 41
396 29
714 29
676 8
477 21
746 13
8 32
33 20
49 39
451 29
184 6
652 22
116 44
345 32
385 7
56 22
715 3
325 45
269 47
743 42
628 17
83 22
209 1
44 40
440 3
596 33
453 20
527 16
53 44
700 44
748 42
308 24
655 29
711 39
716 8
454 25
496 11
444 40
627 10
149 7
543 24
12 20
43 32
53 28
331 24
725 17
211 11
693 4
664 36
691 50
628 6
467 47
155 4
343 4
683 37
727 19
304 20
223 19
609 40
253 40
529 24
453 46
639 36
284 18
592 43
427 16
525 42
96 34
191 24
294 37
706 21
6 12
518 7
25 7
36 25
750 25
503 4
365 50
595 22
505 7
105 37
63 34
624 28
256 34
250 19
746 11
490 37
122 38
236 49
163 20
352 28
236 28
207 28
699 5
586 11
631 36
697 7
482 26
550 11
3 33
538 8
455 4
740 17
261 42
341 30
675 47
282 3
91 30
104 1
175 43
12 5
328 3
386 38
70 19
89 23
223 10
559 13
645 48
68 7
279 8
26 36
27 26
727 12
14 4
235 28
270 18
738 16
110 5
6 38
716 19
509 33
175 35
663 24
276 26
72 11
138 41
493 22
246 29
499 28
323 43
455 11
428 45
518 15
132 27
432 36
262 12
471 17
541 44
670 3
311 3
722 44
648 6
560 19
58 32
124 7
224 28
142 1
133 40
92 10
132 20
621 35
336 36
63 13
33 15
556 41
433 24
701 30
10 42
72 1
425 37
521 43
292 32
277 48
69 46
590 18
4 2
554 37
19 35
567 20
286 42
516 44
364 9
121 28
43 47
416 45
98 26
571 15
457 45
93 20
673 38
69 43
494 34
311 14
681 29
197 46
557 34
95 45
508 34
4 9
135 15
310 22
12 36
67 35
747 23
658 11
120 45
551 44
431 40
481 12
623 19
92 7
436 21
380 23
559 28
319 4
112 31
249 26
391 7
746 0
81 13
81 14
320 48
182 22
70 13
713 0
439 36
284 9
133 43
253 32
428 1
443 2
137 44
306 26
177 32
6 47
15 6
552 40
223 6
91 33
231 38
5 20
705 38
324 16
532 38
194 46
532 16
718 5
474 47
81 10
84 11
423 42
188 32
38 1
211 10
65 47
158 13
345 9
718 36
331 24
315 4
442 37
6 13
379 47
507 22
23 18
239 19
520 40
112 11
65 32
187 3
52 14
643 5
588 30
46 22
462 44
51 10
528 26
39 13
141 50
7 20
105 9
116 37
14 3
665 33
476 40
43 34
733 26
151 24
95 17
725 42
227 45
699 41
601 6
722 16
76 44
118 32
345 41
617 50
747 8
116 1
402 2
171 1
642 30
484 43
290 0
277 44
336 29
551 46
565 19
450 24
239 45
296 41
342 20
151 47
276 12
585 39
523 22
434 12
318 34
78 1
446 11
13 31
443 38
305 16
140 26
604 19
611 5
210 20
719 50
112 44
120 37
26 6
632 24
447 50
686 33
242 34
574 27
196 10
128 46
10 11
356 40
535 38
584 36
40 9
466 5
147 13
405 34
584 8
746 5
332 27
354 5
367 13
34 46
92 43
635 36
52 4
553 42
97 20
228 34
407 17
527 36
410 30
258 21
705 14
228 36
193 36
391 41
235 3
249 42
685 19
133 4
219 13
583 41
166 35
578 30
537 15
499 12
233 49
409 21
719 37
272 7
355 22
242 38
12 11
148 8
749 5
525 31
172 18
680 38
49 4
59 16
736 19
485 29
545 26
361 20
365 4
44 11
432 11
314 6
201 10
27 15
257 26
586 31
655 19
548 12
596 30
26 46
201 8
634 28
652 26
467 13
178 10
363 10
488 5
711 17
424 14
405 1
206 32
520 29
550 32
279 12
621 43
313 4
534 7
440 22
703 13
549 5
620 42
536 15
341 13
197 23
459 3
451 31
310 4
745 36
626 37
184 35
713 28
114 16
617 4
659 50
264 33
586 37
233 50
433 33
312 20
697 40
650 0
75 39
555 25
108 48
720 32
210 49
410 22
103 37
59 3
125 45
437 34
23 9
200 3
23 20
710 17
598 18
746 44
500 33
395 10
96 19
74 8
60 47
271 18
131 35
483 27
714 14
295 17
194 33
73 39
13 6
562 48
698 42
82 12
508 46
251 25
394 17
568 19
232 44
326 39
442 39
435 13
136 39
164 42
634 3
488 31
227 41
431 36
224 32
398 28
715 31
355 15
667 17
612 40
573 27
641 31
744 35
63 42
125 45
124 41
50 28
219 24
248 49
68 8
347 46
18 29
511 39
635 33
169 6
94 31
221 32
467 1
156 49
653 33
207 34
472 5
600 48
677 1
737 1
295 46
667 22
136 44
79 44
258 3
672 30
163 24
326 41
594 31
258 37
593 50
528 28
744 28
331 13
610 13
668 42
84 7
427 11
315 43
683 43
393 38
537 45
680 15
634 35
12 34
259 42
104 46
703 22
744 5
273 12
132 4
274 39
461 34
350 1
276 38
631 4
466 19
409 18
571 18
702 43
750 49
94 45
83 40
215 36
265 13
581 40
266 6
402 5
191 40
570 12
305 7
294 48
635 42
4 27
364 36
132 13
272 45
613 33
28 44
89 34
299 33
122 30
117 44
676 29
738 0
631 26
558 21
85 9
530 48
575 32
510 14
302 21
114 22
55 5
521 11
127 31
663 23
174 24
395 34
246 45
605 13
292 8
597 40
230 4
49 35
711 32
529 42
671 13
711 33
161 47
282 37
462 11
73 45
730 23
694 35
379 9
15 34
220 11
86 16
250 15
578 6
484 8
325 20
508 33
54 33
62 25
668 30
518 10
567 42
672 16
249 19
598 3
445 20
494 47
4 45
744 2
723 19
126 2
425 45
395 19
623 7
318 21
140 19
53 34
368 34
83 0
128 3
240 4
587 35
423 37
42 35
338 19
626 32
316 45
707 27
672 14
612 20
667 49
492 47
599 12
220 45
468 33
287 21
470 39
157 18
691 38
170 39
239 43
133 9
391 21
687 46
46 29
223 40
544 33
442 23
731 45
102 28
265 7
265 43
480 2
359 15
696 18
282 50
428 26
340 18
654 30
732 43
213 21
390 39
524 34
542 25
623 32
732 16
605 26
278 10
24 43
129 26
515 5
373 0
699 16
82 6
530 29
99 4
483 50
303 42
184 46
463 45
207 22
328 47
13 2
586 4
169 3
125 1
151 10
25 20
426 9
714 50
409 13
628 8
678 44
640 3
472 49
499 15
264 8
97 33
225 10
394 47
292 49
59 26
750 7
240 49
528 23
294 26
377 8
279 23
197 5
329 34
250 9
578 15
349 9
481 19
141 7
454 2
279 19
559 7
209 4
625 20
698 50
666 20
681 29
168 8
735 35
20 44
378 1
447 33
62 13
176 29
373 39
173 27
401 24
45 11
279 44
602 10
729 2
377 19
226 50
13 39
564 31
113 1
606 12
7 4
370 35
345 39
656 31
331 16
399 25
670 31
444 4
266 11
170 18
209 40
382 4
97 7
718 11
247 26
98 12
532 2
210 34
694 30
708 50
306 9
631 27
73 40
117 50
567 4
169 32
2 26
662 36
165 24
77 46
331 42
711 31
394 46
118 42
625 36
121 19
99 10
231 9
381 12
601 26
71 41
418 49
741 28
327 50
241 39
46 24
495 2
18 11
88 14
442 42
47 46
488 22
330 41
396 23
474 30
646 20
681 9
136 49
508 24
477 8
505 43
111 11
333 14
196 3
728 33
593 36
353 27
42 30
739 13
116 20
486 26
717 25
241 44
138 10
545 20
463 39
24 19
34 41
232 15
691 45
298 44
488 50
443 25
409 21
417 31
209 47
250 39
400 44
107 16
16 6
119 26
26 24
684 19
658 49
278 43
306 31
634 25
376 7
699 43
483 9
578 39
41 22
392 10
18 16
112 18
157 36
500 34
104 34
23 32
100 39
597 42
537 44
209 28
84 5
511 6
247 22
338 50
233 40
484 36
280 16
372 31
526 43
407 36
64 50
702 40
326 17
265 10
617 0
600 16
466 12
1 25
415 18
132 42
291 15
373 40
328 3
405 26
151 21
620 4
181 10
465 43
60 35
361 0
629 28
21 47
688 21
494 11
127 17
549 33
230 10
408 26
33 23
352 18
587 36
347 17
713 16
444 30
607 14
220 15
643 39
20 40
711 44
639 31
705 25
497 10
625 10
123 28
355 30
222 39
716 50
571 2
524 3
140 9
83 4
144 17
368 31
51 10
306 43
520 28
110 7
304 0
365 0
357 31
41 38
361 35
219 49
242 47
479 17
426 27
628 50
707 17
246 35
134 39
325 4
203 0
37 40
403 49
112 9
149 0
192 22
517 45
547 41
600 37
565 38
545 49
216 16
451 35
76 45
212 22
629 8
547 29
606 33
60 39
630 16
544 5
107 45
544 46
254 33
334 14
235 32
302 5
380 19
671 39
387 39
564 48
425 12
610 16
547 34
197 22
475 49
608 45
510 49
394 13
703 2
139 26
599 1
468 19
681 47
400 30
137 3
70 20
179 41
704 26
124 22
338 16
209 29
606 20
93 42
409 7
17 27
696 47
736 5
72 1
489 8
442 39
695 39
534 35
224 22
144 20
456 14
108 7
32 28
560 12
419 12
53 32
628 5
418 30
343 16
603 11
259 38
33 47
642 1
575 30
649 27
483 43
341 13
559 19
363 17
242 31
35 39
389 9
338 34
14 8
604 42
136 42
198 39
699 15
166 10
702 8
88 0
260 16
59 29
537 46
507 37
163 40
360 5
100 24
169 33
121 45
92 21
311 33
616 15
434 36
474 45
26 41
42 13
247 42
283 35
29 19
507 1
69 32
546 9
741 7
490 17
148 28
595 8
728 12
364 45
503 3
395 18
293 14
500 4
740 23
630 36
158 14
737 23
442 28
656 6
736 25
501 28
242 28
544 15
285 0
588 48
141 15
705 29
121 30
50 12
5 46
128 26
652 23
634 12
535 30
679 12
629 17
142 3
303 17
81 37
517 37
747 48
68 24
376 37
196 7
556 24
272 46
733 6
355 29
194 0
572 15
533 5
315 8
434 1
449 50
263 8
581 23
342 11
526 12
505 10
142 35
695 22
583 16
116 14
234 30
676 18
9 44
64 23
79 44
11 32
552 5
569 46
253 3
187 7
706 13
205 4
153 36
222 14
658 1
607 23
375 42
199 18
77 27
547 9
308 8
448 49
237 19
179 1
161 41
677 22
592 44
429 34
289 32
670 30
491 27
194 15
448 48
395 0
206 31
469 49
737 4
234 3
99 31
448 14
571 37
462 20
614 19
377 23
19 31
613 44
64 21
83 34
46 44
223 14
615 26
675 32
281 24
103 50
22 32
125 31
350 37
27 35
209 12
396 6
126 9
227 6
92 15
369 31
81 22
187 4
476 10
257 38
149 28
598 34
54 20
189 36
487 24
413 48
585 50
5 5
52 11
712 41
62 47
381 46
117 38
86 14
729 12
721 29
724 41
576 27
51 46
280 21
341 2
460 13
167 10
442 49
87 20
310 40
145 4
69 26
55 13
565 10
53 13
499 27
475 31
722 23
604 39
198 41
637 15
317 9
601 28
334 2
394 36
365 23
551 33
351 6
701 38
528 30
344 24
663 41
222 7
212 13
507 33
190 33
476 47
411 36
51 41
255 16
487 1
709 28
725 30
571 3
426 43
710 11
19 35
539 12
709 44
106 36
90 14
197 23
39 47
747 41
188 39
708 27
268 50
56 45
619 23
231 48
10 49
388 12
484 38
75 47
246 7
705 28
136 25
321 17
181 35
161 44
650 19
390 29
490 30
346 7
113 43
266 28
331 19
384 14
359 30
413 31
530 6
156 50
717 9
593 11
593 19
479 14
79 4
123 30
565 34
614 50
398 23
87 17
408 34
351 48
557 39
145 38
131 16
116 5
336 18
220 35
317 25
394 41
334 24
479 20
181 19
227 25
400 27
716 1
343 14
733 13
190 45
270 2
717 0
605 26
306 2
356 1
283 44
373 12
548 10
691 0
507 10
558 40
245 23
385 23
626 47
523 37
606 5
735 44
79 18
655 40
140 46
584 35
309 8
696 16
358 23
383 8
741 21
543 44
331 33
545 13
116 11
20 40
192 35
377 15
662 17
608 45
84 33
645 47
28 20
188 34
80 27
141 14
236 35
716 10
291 5
265 37
27 3
608 17
38 50
266 31
462 11
616 14
426 29
209 5
731 44
484 49
590 18
715 25
468 49
334 36
264 21
565 18
457 8
426 11
2 20
364 15
395 9
415 18
638 2
429 40
60 36
264 39
216 16
66 8
243 28
304 15
606 13
658 41
341 5
195 13
395 46
330 2
214 7
247 49
229 0
80 43
545 47
39 29
554 26
66 41
544 28
25 13
445 17
669 2
268 13
445 10
585 32
499 38
577 46
164 48
426 25
116 13
550 15
362 21
421 0
498 9
669 22
206 20
627 24
417 33
182 44
254 14
103 8
386 26
458 29
320 2
194 31
205 37
326 25
331 36
119 50
89 12
304 23
387 23
483 4
632 47
125 23
242 31
23 13
182 6
487 4
106 49
501 3
176 34
746 21
356 18
740 12
264 32
736 38
384 32
137 7
8 46
12 46
607 44
419 37
7 29
645 36
49 45
336 29
302 11
17 20
142 9
308 6
587 9
642 36
576 2
391 35
632 41
663 22
95 3
550 23
427 5
35 2
146 47
355 26
268 33
16 28
472 0
118 1
608 25
68 31
170 16
72 18
303 26
464 2
726 39
750 20
669 4
111 26
261 33
36 41
434 26
710 42
157 28
472 49
499 14
662 29
668 24
9 44
446 34
439 30
634 22
535 29
636 33
233 45
16 5
60 22
628 1
664 48
586 27
386 26
126 2
192 49
331 3
734 23
733 31
499 41
715 0
674 6
160 5
327 37
632 13
343 24
550 32
331 29
425 6
133 43
91 46
278 29
51 0
333 3
482 19
374 33
407 44
424 13
37 24
242 23
372 2
323 29
630 22
36 30
688 46
488 34
582 40
445 23
715 11
59 29
669 8
232 1
512 16
63 11
474 24
395 15
26 44
406 24
194 15
723 15
648 50
429 17
553 12
554 25
16 2
222 2
750 48
524 28
558 35
87 45
337 27
90 16
715 2
233 24
512 37
438 12
656 16
470 36
568 27
335 22
18 43
82 2
577 43
641 37
454 11
228 34
668 38
519 47
602 18
469 50
298 0
329 17
126 47
596 13
188 7
656 17
4 44
439 39
446 34
543 21
619 30
490 5
245 0
440 16
432 5
496 23
680 2
717 44
481 35
545 27
582 13
5 30
107 42
6 23
293 1
342 13
14 23
576 12
717 40
35 3
705 47
200 22
462 24
241 44
526 26
41 35
417 13
435 46
270 21
306 23
558 32
719 37
467 46
463 39
431 44
569 28
523 1
434 1
624 9
409 11
39 36
294 20
485 37
175 16
481 39
597 34
52 22
546 32
278 27
631 22
427 8
179 49
11 24
594 49
346 36
635 35
165 29
249 22
524 24
37 10
22 47
355 30
284 29
243 7
382 40
510 28
642 17
621 17
376 43
522 50
465 41
149 15
305 42
625 35
487 24
471 13
470 23
310 41
207 48
385 9
720 34
319 1
7 10
521 3
99 6
335 25
16 22
354 49
709 34
340 29
717 22
297 1
498 43
195 47
149 31
152 30
296 29
730 16
46 42
624 14
10 16
599 20
441 13
453 18
171 37
370 32
736 14
168 17
324 2
196 9
188 15
90 49
409 46
665 25
298 50
280 3
180 16
652 10
169 7
91 27
244 4
355 48
513 28
378 44
157 21
535 21
45 50
100 13
436 22
71 35
409 4
723 11
543 0
103 0
211 7
457 44
95 16
724 9
175 6
105 34
356 17
673 23
117 17
238 13
549 24
94 6
240 16
60 22
564 10
228 25
351 29
420 28
437 22
394 30
582 23
364 1
521 4
519 14
267 38
143 4
733 36
652 29
96 1
481 11
496 9
375 45
12 43
679 4
239 18
517 26
219 15
538 8
583 48
543 47
229 15
595 33
265 44
380 21
443 41
581 46
177 35
59 2
46 34
303 43
69 50
731 43
497 1
169 26
515 31
625 25
705 12
222 38
717 3
437 29
408 19
274 7
4 45
619 42
716 48
483 0
307 36
660 4
42 15
111 49
103 37
224 36
591 29
7 22
474 44
700 6
80 13
662 46
133 21
561 12
15 11
547 29
110 17
717 14
409 47
109 32
678 46
230 42
673 49
338 8
267 17
278 31
459 5
648 28
69 45
677 17
79 16
157 44
463 31
268 5
311 47
295 50
380 12
537 9
687 17
437 33
300 22
58 13
223 40
40 35
109 41
480 14
723 36
113 2
610 13
393 37
640 1
385 18
398 12
561 36
295 12
431 26
411 33
159 41
515 45
248 15
77 10
504 13
474 3
334 33
644 24
483 25
484 7
483 19
513 44
167 21
353 26
34 7
197 19
400 4
618 35
301 9
414 26
1 3
734 16
93 22
468 43
378 12
592 23
44 25
501 28
476 45
381 32
558 38
565 47
410 26
495 9
83 23
49 33
691 29
406 3
32 31
262 0
653 23
425 40
645 27
1 10
630 14
574 40
242 22
736 32
267 31
321 28
148 6
260 48
351 13
746 30
663 31
19 22
426 33
70 8
269 30
143 30
739 17
75 46
371 2
490 12
267 21
146 10
351 45
120 12
443 31
229 46
118 37
292 7
475 48
112 16
693 30
424 28
381 19
435 29
425 42
638 24
282 29
520 36
183 47
476 39
447 14
538 37
666 7
697 27
407 26
261 11
624 44
615 15
441 40
420 6
678 16
583 0
347 18
368 46
276 8
24 39
581 21
235 49
126 40
376 2
510 7
673 27
599 24
533 2
470 3
170 2
64 20
241 21
253 26
327 38
378 18
736 45
301 14
343 37
277 48
534 25
75 9
683 29
275 45
322 46
577 11
40 3
383 39
373 42
580 50
677 49
575 31
415 38
314 12
29 17
692 12
222 9
686 1
588 21
217 42
406 26
335 47
597 31
539 48
517 36
108 35
413 50
69 44
370 22
331 10
689 16
356 31
733 18
337 35
42 17
573 45
555 19
523 18
266 15
290 40
24 4
603 34
706 19
471 43
278 24
747 33
365 46
84 17
224 37
583 13
700 40
93 1
295 28
742 16
451 24
64 1
536 42
352 29
638 25
724 7
90 17
32 34
543 25
329 27
593 24
428 45
107 46
164 23
236 49
525 9
470 6
573 5
280 45
631 4
488 43
394 35
34 24
338 48
617 12
666 30
604 33
130 15
523 31
314 12
47 1
143 44
85 27
485 22
521 29
680 49
693 32
181 34
204 39
570 8
199 25
21 40
48 43
218 42
333 48
633 15
425 29
424 20
716 4
19 6
323 33
14 4
405 14
372 35
685 2
140 32
41 39
476 37
258 5
173 18
151 9
388 44
377 24
342 46
715 49
298 37
59 20
96 43
669 22
141 33
158 30
692 14
589 14
411 14
648 43
729 43
238 40
160 50
509 50
464 0
378 50
300 2
666 50
700 40
723 21
550 39
349 35
627 1
257 1
379 12
159 27
642 44
313 50
689 27
149 41
24 1
677 35
369 11
123 3
546 0
488 39
226 3
29 1
581 24
562 6
287 31
78 0
100 26
260 7
46 39
278 32
24 37
266 43
204 14
204 38
75 32
325 36
722 47
29 11
139 34
5 46
661 44
701 32
599 26
638 42
208 9
597 5
705 30
206 20
409 24
531 4
285 46
10 35
639 4
11 21
715 19
531 49
629 9
637 8
566 32
204 19
488 9
157 13
329 3
274 25
654 26
717 29
606 9
512 18
516 3
146 8
651 43
442 2
457 5
91 42
488 38
122 11
68 48
301 34
90 36
637 0
532 40
239 36
740 43
193 28
482 10
415 48
528 22
559 4
512 2
9 17
33 40
738 5
17 50
453 41
7 36
177 49
205 8
351 18
374 44
630 16
246 37
666 39
448 30
306 13
515 36
222 42
123 14
592 20
527 35
27 7
497 12
186 34
737 37
620 46
683 41
94 46
191 6
219 27
267 42
594 23
111 6
262 45
220 41
400 38
102 12
554 1
284 32
385 28
11 47
137 10
113 41
250 40
286 39
743 31
290 36
470 10
489 34
568 3
467 28
292 21
691 31
89 17
560 39
707 16
101 3
110 24
42 29
438 5
137 42
717 42
578 21
182 14
518 26
581 18
532 13
610 48
308 9
250 19
539 31
211 42
128 12
470 25
674 20
448 37
434 40
398 23
713 11
421 9
379 11
23 36
65 38
354 26
587 4
736 44
117 34
417 7
122 45
548 21
358 7
281 11
5 24
602 12
495 46
539 4
177 31
497 28
722 23
188 29
31 17
483 3
497 29
527 2
211 14
130 43
22 39
46 42
83 4
748 17
460 47
567 43
585 44
79 12
629 43
238 37
302 13
548 30
334 26
419 28
164 25
137 47
290 39
350 3
684 4
471 46
666 10
462 30
181 50
694 3
663 50
556 15
624 0
526 29
286 39
129 15
83 49
264 34
275 40
175 29
12 14
545 27
120 18
396 28
127 17
327 40
705 25
322 40
94 28
293 28
247 9
661 36
458 47
483 3
342 49
218 12
590 17
749 38
585 50
648 39
705 2
8 9
624 32
481 24
732 10
52 30
382 9
177 19
380 24
632 28
381 30
584 7
363 10
443 4
113 41
263 21
620 32
294 43
506 9
354 13
105 30
284 33
559 38
515 28
81 26
308 2
728 50
325 3
613 10
532 22
438 32
411 44
359 45
338 49
477 0
170 14
439 35
584 8
164 26
445 40
409 39
418 45
209 29
671 50
702 48
695 38
48 42
458 13
332 25
320 30
594 29
659 19
308 40
538 49
72 30
448 13
67 15
415 19
453 18
531 5
669 20
478 43
470 17
681 19
301 20
1 12
207 46
407 31
177 25
62 47
625 38
363 19
340 25
366 15
491 19
472 16
654 17
453 4
397 10
588 37
416 46
166 47
148 6
1 9
94 14
617 16
186 16
527 12
476 4
43 42
426 16
9 36
381 19
201 9
579 26
541 27
642 8
431 29
488 47
132 3
263 20
10 20
107 33
688 34
231 5
120 33
61 19
600 4
248 49
436 44
716 49
138 9
120 32
457 29
15 28
724 20
703 49
539 42
222 13
4 34
557 47
280 45
688 19
117 49
468 43
128 41
30 42
402 41
57 4
178 14
38 18
362 29
609 22
101 13
122 8
330 23
486 39
248 30
635 35
340 26
144 33
545 32
728 47
267 36
80 8
667 49
355 39
325 30
259 1
617 42
365 26
215 50
422 7
80 41
414 15
29 34
498 14
568 20
738 8
96 23
156 39
445 20
746 15
553 13
551 18
357 2
281 26
334 16
641 46
109 24
579 37
590 27
372 0
570 33
506 29
696 36
582 36
672 14
748 25
165 25
3 42
118 46
399 23
359 16
303 14
14 29
631 5
355 22
210 20
733 43
467 37
554 47
597 30
13 13
633 28
224 0
3 10
739 46
309 9
358 1
638 11
501 23
343 5
350 19
325 18
591 48
522 13
332 13
8 16
464 24
659 35
222 33
76 27
622 22
279 8
325 32
546 7
70 49
744 26
33 3
438 7
702 43
97 21
106 25
741 7
316 48
319 36
562 25
547 12
232 18
334 21
180 6
14 32
552 44
312 36
519 48
317 40
166 43
100 26
396 11
610 10
670 36
363 0
359 40
450 28
593 24
20 1
293 30
397 39
71 48
47 4
139 33
636 37
149 39
679 46
666 33
13 42
422 38
541 3
621 3
599 0
296 4
82 34
441 21
673 17
311 19
184 34
614 0
207 7
645 17
464 29
26 10
21 17
13 48
592 47
320 49
750 26
166 20
558 31
617 6
204 25
4 41
714 3
130 1
658 31
422 14
323 4
565 29
255 12
498 11
471 36
321 45
474 13
435 5
200 9
454 48
189 38
173 18
578 20
33 49
540 1
314 11
416 2
498 30
259 50
155 44
640 32
201 21
250 16
54 15
463 15
32 44
196 44
672 2
254 47
98 13
472 2
447 40
81 7
734 41
661 39
361 35
329 23
449 43
372 27
91 4
127 22
110 27
699 1
650 20
440 0
544 2
478 36
293 27
200 9
147 24
227 7
53 21
722 3
498 10
540 6
623 50
671 8
623 40
487 35
48 44
608 24
484 10
166 48
68 49
601 50
253 3
306 25
695 12
503 45
460 31
324 5
555 1
277 32
453 36
8 8
639 46
158 43
279 11
281 18
83 1
119 26
247 11
673 28
564 14
130 22
89 1
145 42
570 5
449 29
374 2
558 27
487 42
34 35
629 45
459 27
695 34
109 40
286 16
401 42
283 33
513 15
104 2
297 24
464 6
376 14
625 39
306 39
186 24
412 6
252 8
380 14
339 39
415 19
171 47
733 10
234 45
581 34
168 48
422 29
27 23
500 32
103 3
4 8
426 33
707 43
223 9
169 39
441 6
59 48
665 41
20 18
93 25
231 15
337 14
321 23
645 20
267 4
402 39
95 16
671 2
86 8
615 17
284 27
43 2
124 38
674 24
693 17
617 47
616 25
132 11
127 39
460 8
608 9
45 50
91 8
719 42
419 22
108 33
302 20
482 11
178 7
68 28
89 50
641 30
392 9
214 11
596 27
484 0
711 2
713 26
352 50
641 9
380 6
132 22
423 25
601 43
7 24
146 48
667 23
259 17
450 43
191 19
618 4
734 3
210 43
553 14
129 17
322 33
78 37
492 33
427 16
379 3
132 14
579 38
719 39
646 26
402 27
636 0
688 1
291 23
50 43
351 1
560 9
725 40
643 19
688 23
21 37
532 25
367 30
39 38
425 15
19 42
646 45
493 33
420 18
64 38
125 23
75 30
635 12
322 4
709 37
432 36
513 41
610 6
454 1
359 20
585 7
391 28
15 33
657 2
280 46
721 48
314 1
190 31
195 5
452 24
627 3
64 27
545 29
437 0
410 17
530 22
600 43
120 16
149 31
731 30
372 41
546 3
253 6
233 44
454 9
191 19
505 10
653 35
646 41
451 1
5 41
508 12
261 9
558 14
602 32
197 23
669 25
582 50
78 39
525 43
10 35
218 32
665 3
662 9
236 6
102 33
494 41
355 20
210 18
438 25
504 9
534 23
499 40
182 30
664 35
744 37
566 11
268 2
722 8
729 35
47 25
150 9
585 14
170 12
727 40
217 26
184 14
329 7
556 40
13 12
103 4
265 24
693 31
71 44
222 27
211 30
506 11
415 24
290 39
388 38
408 41
216 41
191 28
398 39
656 23
551 35
276 13
175 8
335 32
488 17
18 43
119 25
69 45
247 39
74 18
678 33
22 2
283 42
363 10
453 38
487 4
71 11
749 8
454 30
284 15
639 4
666 42
129 35
115 48
359 39
673 38
635 43
442 49
79 47
6 48
418 13
586 12
636 49
142 36
28 15
224 0
207 12
454 14
646 36
163 33
706 8
273 10
247 49
625 17
575 25
662 33
376 8
146 44
662 5
10 50
2 25
455 48
703 20
195 4
682 36
12 6
589 3
563 28
466 41
198 41
19 41
394 14
339 50
428 13
52 38
447 6
139 4
113 7
397 1
687 36
268 33
418 14
336 27
274 12
155 20
110 40
507 7
717 39
247 26
366 23
76 47
497 42
417 10
742 48
658 8
177 36
521 30
688 44
87 6
87 37
121 23
194 29
662 8
417 38
254 35
442 21
30 32
225 44
457 8
234 3
647 36
473 34
59 46
51 23
81 40
148 32
350 48
153 39
417 27
516 17
157 36
311 44
5 43
435 31
610 27
337 26
552 1
597 15
143 2
323 24
27 0
413 3
7 48
312 14
733 44
522 41
430 21
715 18
653 24
181 26
352 25
415 7
142 25
24 20
228 40
418 8
19 5
22 14
665 17
347 44
702 37
215 48
259 44
530 17
704 44
470 30
642 1
741 3
495 19
518 39
680 27
159 29
142 48
633 4
594 31
322 33
624 8
288 7
208 45
5 25
668 18
97 22
293 12
420 18
488 21
79 20
347 46
220 31
345 18
661 18
11 3
403 50
431 4
30 45
588 47
239 47
114 35
560 12
637 49
680 41
536 41
442 13
434 38
395 25
336 27
470 30
41 30
107 34
561 23
161 37
86 8
704 24
675 31
393 12
631 40
597 28
639 36
331 22
394 29
61 39
386 36
464 41
470 43
377 11
286 6
637 39
83 50
739 45
508 15
84 40
658 48
156 7
88 11
470 31
538 32
21 40
344 26
515 32
317 10
703 30
420 23
185 12
157 50
303 10
637 18
389 39
48 44
425 41
702 45
72 27
175 44
662 41
336 4
712 38
723 10
731 49
319 10
3 20
278 48
209 40
58 45
552 35
78 10
92 37
645 11
67 25
739 46
220 17
69 48
436 24
562 30
209 46
423 5
57 31
167 20
157 42
402 47
269 7
682 17
250 45
379 10
674 46
646 5
89 12
274 32
35 6
600 17
22 15
231 42
534 43
631 24
466 43
56 49
541 11
227 42
311 3
122 36
83 40
205 27
499 10
513 4
361 8
32 5
409 44
734 28
624 4
211 31
524 11
738 47
569 35
234 48
71 19
242 7
216 6
401 20
564 12
625 12
234 4
515 38
729 32
537 43
484 21
141 22
675 6
175 37
60 16
711 6
699 39
65 40
734 31
416 10
21 11
544 24
478 25
118 17
207 49
308 14
546 28
319 10
46 3
458 35
206 26
555 2
233 2
513 49
69 21
629 28
208 40
485 5
170 3
299 9
658 28
473 42
706 10
283 49
169 19
437 33
221 11
92 30
330 16
586 43
388 43
309 18
315 50
701 21
107 26
21 35
585 22
521 23
153 12
301 46
428 12
561 41
518 50
613 18
734 50
546 8
561 14
672 7
206 31
280 31
375 36
133 4
39 23
37 4
489 2
55 49
362 7
285 22
516 20
281 4
591 18
233 1
244 8
381 36
542 17
369 20
242 26
667 38
443 14
384 27
642 4
420 12
79 20
145 33
138 9
242 40
652 50
279 25
582 25
739 1
411 33
606 46
747 22
598 37
143 21
716 33
453 23
415 29
589 34
722 4
558 5
303 31
555 42
382 33
687 46
264 11
213 18
264 38
436 26
44 44
301 12
3 10
324 14
539 25
239 23
674 15
402 25
429 25
504 5
567 24
407 28
635 37
275 6
390 47
551 21
606 31
217 43
25 44
353 41
648 36
13 1
440 15
588 15
568 50
626 46
101 20
148 11
224 5
506 45
576 24
645 17
524 33
560 15
354 44
395 40
117 8
14 1
33 29
230 25
25 46
635 33
597 17
479 12
336 32
170 24
459 15
202 29
739 21
85 43
664 40
289 32
442 24
218 23
729 2
217 10
335 13
111 2
249 6
511 26
180 15
183 26
522 43
477 50
614 25
702 10
99 38
667 40
52 0
181 29
667 30
674 3
480 37
7 34
241 30
322 1
166 15
530 48
257 23
464 3
427 9
673 15
667 38
71 15
66 40
368 50
745 2
440 41
299 11
162 46
124 49
726 44
629 27
137 29
5 21
639 39
667 24
380 22
442 13
87 12
554 28
77 34
692 9
650 38
646 43
2 24
705 24
326 35
333 3
228 50
613 1
717 40
485 5
306 14
253 39
551 17
475 40
262 45
47 14
116 41
236 47
87 21
354 39
660 36
453 36
165 6
27 24
684 38
226 49
342 14
511 32
483 17
503 4
478 13
359 24
462 49
242 48
333 6
540 0
302 38
644 24
447 15
737 48
743 47
110 9
713 10
455 10
213 30
205 42
384 36
272 23
240 37
270 33
290 40
6 10
529 8
205 29
177 3
492 2
104 34
625 29
10 9
65 13
285 1
110 5
490 50
728 40
295 14
369 48
362 47
254 21
407 22
92 20
59 17
655 43
209 46
116 33
450 8
455 4
483 31
158 31
480 10
461 28
188 14
231 49
593 20
171 6
434 31
497 29
435 21
385 20
471 5
140 8
134 21
712 18
573 50
504 18
372 38
551 36
451 2
745 27
89 46
418 11
165 15
733 46
249 18
615 33
342 44
683 0
729 2
305 12
78 13
425 0
286 45
572 39
670 22
244 34
134 49
433 32
357 10
97 20
100 3
591 4
242 42
392 42
78 49
195 18
523 34
163 45
497 9
425 6
366 45
222 6
610 46
735 9
252 3
526 41
637 40
407 27
59 12
376 24
107 22
688 12
654 28
639 6
348 28
343 31
81 46
602 15
236 21
153 7
114 14
654 27
182 29
148 18
238 45
637 24
130 3
638 47
467 15
450 49
87 11
83 29
575 32
251 19
135 25
43 14
193 38
544 10
677 17
227 44
640 9
642 27
313 12
673 20
697 44
372 45
582 11
483 14
630 10
447 34
35 22
359 39
725 0
185 33
130 14
406 14
183 4
248 33
173 36
17 27
332 14
359 4
553 24
639 22
513 20
433 11
48 21
64 13
431 31
245 46
455 49
670 16
485 31
45 48
135 3
192 13
596 37
294 22
321 34
496 37
711 2
592 15
623 47
467 44
270 38
338 36
435 40
636 31
668 46
730 38
725 9
226 19
449 43
736 1
365 44
41 40
482 1
254 43
578 40
387 7
204 34
471 0
689 21
430 15
589 10
266 33
553 39
279 7
622 24
442 7
747 46
575 35
52 19
178 26
619 5
238 4
699 34
113 47
259 20
223 21
379 36
705 20
403 46
505 43
280 22
576 40
417 1
672 24
151 6
298 8
572 19
714 33
707 9
163 16
485 5
49 50
618 18
99 22
642 49
117 7
127 34
503 9
159 12
741 33
512 49
248 43
596 20
587 15
147 7
177 13
380 37
687 23
658 1
179 47
241 34
446 34
103 11
492 9
680 19
247 6
339 28
52 42
258 39
636 17
712 32
393 48
44 15
8 12
587 37
530 13
577 2
43 27
366 34
513 46
256 7
668 41
86 39
179 30
726 48
525 32
330 14
279 44
711 31
146 37
478 30
257 24
125 49
558 39
131 34
461 9
547 2
113 27
714 21
331 40
270 37
372 46
147 15
389 10
720 46
98 39
393 39
354 43
468 5
453 45
511 0
160 50
86 47
664 7
400 26
548 16
30 37
448 48
81 25
49 39
11 33
121 30
662 25
479 18
573 26
485 17
176 24
113 3
506 48
1 42
78 3
621 11
551 18
261 19
35 36
475 8
697 8
49 48
568 5
734 10
491 27
185 1
264 0
231 41
81 31
117 18
664 9
731 14
464 20
404 19
651 45
41 7
210 33
746 26
414 26
683 37
199 17
684 15
685 29
408 17
183 12
280 18
349 29
6 1
1 47
8 0
535 29
339 8
116 2
404 47
724 35
518 28
239 47
386 26
298 38
412 25
557 24
318 23
23 26
271 4
532 45
271 41
354 44
118 47
586 36
26 41
558 9
643 47
41 7
279 19
487 9
226 15
585 40
393 10
98 42
223 19
65 0
182 14
187 23
75 40
160 12
374 33
180 33
120 19
405 8
643 8
600 29
223 24
215 26
708 6
454 49
560 0
173 19
330 44
442 3
315 17
16 8
576 25
585 40
479 4
214 23
300 50
492 36
528 48
301 40
244 10
492 21
123 36
106 46
542 23
419 29
122 18
165 37
37 38
46 46
640 21
295 18
370 1
289 1
620 43
584 2
559 43
583 14
161 28
194 41
226 46
497 44
494 17
545 4
686 43
50 20
199 26
22 1
569 16
566 20
711 27
624 30
260 48
333 35
406 36
122 34
388 27
236 48
340 23
388 10
569 7
338 8
470 34
139 46
369 47
387 47
137 27
133 28
528 17
370 21
464 4
247 44
7 29
504 46
459 31
67 43
490 21
408 39
674 19
46 15
94 16
352 9
235 4
659 19
575 40
40 39
674 14
227 31
176 39
83 43
652 21
110 7
316 49
490 15
194 18
744 44
341 22
532 43
196 34
390 43
172 4
460 32
497 31
622 23
301 38
562 27
73 32
628 1
474 50
285 48
643 26
107 3
253 8
697 11
463 45
381 28
403 43
200 25
646 30
366 40
529 7
232 39
399 40
105 12
455 33
746 25
277 49
89 8
569 18
192 7
600 6
57 21
665 14
580 45
438 22
509 14
121 2
137 48
639 5
123 47
542 4
333 38
512 1
553 15
287 15
547 0
389 22
447 38
111 22
194 23
673 3
187 0
633 22
325 25
539 48
173 25
313 43
256 7
497 12
712 45
3 12
42 43
520 3
199 3
11 21
338 20
293 6
426 39
148 42
80 49
2 23
79 9
426 24
678 35
3 15
402 37
72 20
464 36
627 0
81 18
412 8
95 26
473 20
386 40
77 33
171 50
646 47
52 29
84 48
533 22
52 7
75 22
195 21
67 40
508 20
730 15
421 35
498 33
242 23
315 30
144 13
374 13
213 21
408 4
550 11
9 3
273 21
56 45
583 21
377 40
404 5
406 27
172 19
86 40
630 50
95 25
350 25
447 2
178 5
579 49
365 7
493 39
507 22
21 44
561 49
137 27
486 11
235 47
647 5
151 45
60 24
463 35
506 34
369 36
157 22
388 38
647 3
647 46
292 13
34 24
195 2
614 22
333 0
180 9
105 8
471 30
631 26
524 8
4 26
389 8
210 27
223 44
312 41
383 42
309 5
493 31
167 33
293 22
489 23
127 46
134 43
60 29
389 50
292 12
12 11
281 22
97 10
164 1
104 29
584 0
701 46
451 0
168 36
124 5
391 37
527 49
578 44
167 3
309 21
57 29
11 22
211 30
717 0
570 38
523 31
618 25
504 43
47 38
449 5
117 27
205 37
490 29
401 20
297 47
542 27
322 8
560 39
442 42
417 10
512 23
439 26
124 47
237 39
325 12
92 31
216 49
208 27
206 39
572 29
226 29
650 42
423 41
478 39
186 19
5 9
91 42
210 48
230 24
58 10
413 9
473 3
401 8
421 22
488 22
373 24
412 23
409 22
262 33
412 49
605 27
168 5
79 47
522 48
260 22
58 21
59 32
245 35
587 50
512 22
54 12
167 7
317 8
738 36
701 8
590 14
705 37
533 16
370 3
145 26
331 33
18 18
148 50
640 7
496 19
74 11
437 38
591 29
710 17
518 11
399 7
248 7
119 47
196 44
676 50
372 31
27 29
402 36
170 23
218 5
68 18
415 11
329 40
596 34
276 37
292 11
137 35
453 48
308 35
142 27
629 8
578 34
704 11
331 42
463 3
533 33
443 1
468 25
538 3
210 19
221 5
529 9
619 40
64 49
700 32
535 37
430 24
644 3
417 33
124 39
24 35
2 42
318 27
646 19
191 28
491 25
237 18
645 15
347 36
521 26
423 25
22 7
204 4
32 5
263 28
543 42
432 26
320 32
343 8
255 44
70 32
288 44
288 48
734 20
747 3
23 40
431 28
354 31
638 25
552 29
520 34
496 24
139 29
741 2
686 10
316 35
77 22
50 36
38 46
301 29
60 13
383 25
341 34
497 37
563 28
255 10
6 43
371 44
231 37
567 22
468 5
740 12
733 50
732 39
172 44
45 32
203 5
405 13
45 40
382 12
175 20
2 34
525 49
660 20
167 6
410 34
348 41
153 8
414 4
388 9
95 50
76 26
140 8
259 8
453 24
44 5
62 1
521 7
349 26
341 8
721 14
693 3
688 21
110 39
362 20
581 28
465 28
719 48
259 18
106 11
160 39
19 27
106 12
281 8
503 3
336 48
109 2
384 21
386 3
538 4
424 21
720 24
194 48
207 39
300 48
721 49
50 46
485 45
634 10
561 15
36 11
171 36
345 4
513 20
525 23
133 17
602 21
259 22
429 1
684 32
104 26
389 42
242 5
49 12
55 44
722 3
696 11
394 9
598 44
655 36
727 46
465 23
481 27
428 22
288 44
527 40
653 23
491 36
557 11
530 19
401 2
166 44
3 18
674 38
659 37
195 23
82 39
265 29
37 14
538 45
657 26
235 38
27 0
435 49
624 8
105 14
570 19
361 33
427 26
378 24
420 42
581 12
433 1
262 27
326 45
460 34
161 6
4 10
679 11
655 19
1 48
735 33
83 15
566 13
727 6
299 37
393 6
305 29
380 34
543 19
81 1
343 6
642 23
244 29
198 25
470 11
538 31
220 44
294 4
604 49
632 37
641 24
442 20
672 22
237 18
425 17
100 6
431 27
232 16
258 49
260 2
687 35
555 41
324 27
231 45
572 4
374 46
323 47
586 16
548 40
307 12
136 45
69 22
730 6
512 5
25 9
157 21
195 25
86 41
258 24
6 5
666 15
171 45
671 0
199 17
55 26
414 5
582 34
293 30
74 4
337 14
722 37
91 25
406 10
477 44
373 7
350 2
609 40
227 46
462 41
485 12
685 48
600 41
348 0
431 27
340 30
511 22
220 44
76 23
584 46
2 45
485 40
366 39
451 8
499 15
359 35
39 7
453 20
428 12
195 0
530 25
735 36
378 7
533 23
52 19
35 31
209 17
339 14
526 36
291 26
183 50
262 32
610 24
420 30
663 22
349 19
217 30
228 26
482 34
371 7
9 3
589 42
616 12
70 13
654 32
730 43
189 24
460 19
16 27
474 13
91 48
393 6
31 36
130 25
656 13
623 13
607 37
660 48
28 37
546 0
212 6
508 8
488 18
189 18
209 47
320 3
484 22
176 44
609 6
301 30
436 14
372 43
362 45
203 45
182 26
260 30
31 29
138 46
464 38
346 35
14 2
397 29
600 7
404 27
208 45
643 38
608 10
362 31
138 19
487 24
89 17
453 35
10 36
642 47
290 46
540 37
89 8
33 44
682 20
265 8
189 21
118 42
215 1
516 26
440 19
573 50
245 29
223 12
490 33
659 29
127 6
23 24
266 44
329 25
266 29
608 1
282 22
736 6
17 43
451 9
605 45
603 34
668 32
383 19
642 12
602 34
640 41
744 11
711 4
413 19
548 32
423 31
373 25
566 46
63 43
463 47
647 36
246 11
93 28
689 47
727 36
179 47
173 47
596 19
191 27
494 24
285 33
698 5
396 25
259 21
105 14
259 43
624 1
480 14
708 21
544 21
176 6
465 29
398 25
633 29
631 15
591 6
183 11
567 19
726 32
453 41
627 25
740 34
289 15
600 49
523 18
309 4
486 42
737 12
671 8
105 10
539 40
18 10
469 29
589 1
288 49
675 37
370 44
486 17
192 19
457 16
483 32
278 19
80 30
425 1
98 5
155 40
311 10
152 47
608 49
734 42
180 17
204 13
596 47
255 25
289 18
183 43
535 4
384 48
714 19
450 26
79 32
639 5
445 30
161 30
283 14
205 15
566 50
618 22
534 11
734 1
638 12
237 2
151 5
257 5
728 4
561 36
156 3
589 30
326 18
530 44
428 48
613 32
34 20
590 37
384 45
286 24
184 15
373 39
231 33
260 21
635 21
320 29
718 44
469 21
426 11
282 45
520 0
213 37
505 49
52 30
614 34
722 7
458 8
158 47
737 15
110 8
303 43
83 1
584 27
150 23
619 35
275 12
430 25
239 9
255 18
535 22
699 18
261 22
378 41
701 17
577 34
489 12
448 39
251 47
62 34
468 39
134 33
372 50
126 7
71 40
712 3
94 29
563 42
51 2
750 24
674 38
666 25
740 43
159 43
285 31
246 48
402 7
32 14
304 31
486 9
51 30
641 23
579 17
170 2
186 18
464 41
62 47
171 28
186 44
412 3
728 43
201 4
125 1
551 6
307 29
181 47
393 15
175 34
189 24
165 2
171 49
11 11
392 26
730 10
507 16
266 38
147 19
709 48
26 5
9 1
434 14
349 41
315 14
356 37
397 8
22 48
473 30
558 50
4 33
731 46
134 24
439 31
154 45
574 20
597 14
347 7
312 6
613 41
175 36
538 23
471 31
125 22
220 40
87 9
283 48
569 34
370 17
479 3
209 26
85 48
584 5
375 25
599 43
639 24
489 45
235 24
9 20
383 39
433 34
486 13
405 21
624 31
483 3
557 49
281 42
270 7
105 45
273 47
30 39
21 48
259 17
41 14
386 5
458 16
613 35
459 22
399 29
744 46
134 26
713 24
435 19
407 6
8 5
323 31
617 5
360 49
376 14
190 34
591 38
747 0
190 45
651 16
46 17
66 16
232 40
393 2
495 35
513 6
37 24
444 0
435 25
296 42
393 8
38 16
587 40
368 42
255 5
258 15
730 6
662 34
525 34
126 23
384 34
72 20
379 19
195 49
137 5
419 45
361 6
307 7
433 34
207 45
556 41
360 5
72 14
140 20
279 32
28 18
299 13
625 18
401 46
164 6
421 25
555 6
438 0
557 23
1 13
389 42
310 36
178 41
347 5
597 50
367 19
135 10
18 15
362 47
146 44
167 22
244 8
51 27
14 16
500 44
707 45
274 45
156 36
15 40
531 19
597 25
142 40
70 40
346 4
45 33
568 14
300 11
445 33
724 39
140 16
702 43
262 44
707 19
148 21
101 39
220 14
475 5
101 49
593 10
398 44
657 6
585 17
582 6
354 19
394 26
525 49
333 34
687 20
558 36
551 7
192 15
34 25
37 25
720 37
315 20
370 46
398 27
544 23
619 30
149 11
99 0
575 21
216 21
584 35
125 44
6 20
490 12
689 7
571 26
335 27
720 7
734 43
222 7
664 38
401 21
285 1
685 30
661 25
8 1
564 20
35 19
133 46
27 41
645 39
640 26
262 31
158 27
507 15
604 15
684 27
255 36
277 30
161 37
508 39
738 13
66 30
328 19
699 4
475 1
708 22
292 25
243 20
370 26
70 18
740 47
447 17
430 21
204 34
328 20
110 27
72 37
360 18
334 29
179 2
92 39
226 4
310 24
184 48
144 15
546 27
272 25
11 46
476 16
705 24
205 8
550 36
510 42
457 34
118 39
213 7
520 10
613 34
198 28
667 6
727 50
385 42
439 6
112 32
381 1
678 7
61 36
177 49
207 16
732 50
198 16
116 19
275 18
93 3
246 48
236 47
185 50
336 7
106 21
147 7
416 47
155 40
675 39
679 35
655 39
337 12
146 8
400 0
739 28
396 4
679 22
81 29
664 28
490 45
717 32
475 16
311 15
141 0
40 7
263 23
212 3
487 40
737 16
470 47
399 50
354 28
29 44
567 49
23 37
415 46
180 29
348 8
594 12
5 13
635 10
8 0
163 47
707 22
248 19
461 42
378 33
108 10
278 35
25 14
150 47
60 49
374 7
215 20
449 8
375 3
481 23
458 18
54 23
49 23
177 26
151 0
118 18
309 36
161 18
694 41
89 17
401 42
449 15
737 26
143 40
246 15
298 48
531 34
158 26
145 29
326 1
747 2
17 13
722 38
420 1
474 5
253 2
209 36
291 29
432 32
101 36
101 19
42 39
628 43
281 41
190 23
665 36
435 34
238 44
121 46
743 41
247 20
409 47
547 38
522 30
50 29
331 16
4 30
458 34
94 49
381 20
403 38
682 49
744 42
403 50
324 13
111 23
20 6
194 8
95 1
249 4
270 48
479 42
582 39
726 20
632 42
57 6
585 1
658 41
465 35
414 12
16 39
490 17
12 47
380 41
5 7
586 39
429 50
293 40
22 31
62 42
175 20
741 11
60 42
518 41
286 31
383 31
638 22
545 14
604 34
575 10
314 30
379 3
312 32
140 30
538 41
671 46
103 45
216 36
272 32
284 30
302 32
701 19
444 33
484 41
370 19
27 3
530 17
712 19
380 29
28 49
406 0
707 32
170 10
692 21
117 19
370 19
592 2
703 35
501 16
497 24
67 15
100 45
543 15
693 10
505 33
63 21
483 15
95 5
345 49
441 28
659 50
19 26
356 40
521 25
418 36
477 21
88 47
14 27
5 17
395 8
23 24
456 17
168 11
535 25
523 22
376 5
420 13
423 41
744 28
211 2
367 33
356 16
581 44
123 34
627 40
627 47
163 13
536 20
638 40
423 29
528 9
529 21
36 28
510 15
118 11
163 50
565 42
52 50
65 1
367 16
416 22
686 36
348 26
309 7
166 23
162 33
631 18
284 35
185 4
461 23
749 42
636 36
57 21
450 40
506 22
94 15
242 50
658 19
216 21
57 47
302 31
140 7
225 47
163 45
93 28
213 21
51 35
29 26
183 4
691 9
566 20
482 38
683 33
561 15
262 42
739 20
158 32
499 2
704 50
39 42
528 33
439 45
152 40
592 0
78 20
651 34
50 18
619 35
217 3
452 24
211 44
415 29
391 17
384 45
337 18
175 34
336 50
527 32
395 14
695 29
419 45
478 19
476 25
155 21
310 40
609 48
235 14
15 15
486 49
143 42
372 28
649 21
661 5
371 50
227 30
78 24
714 3
20 49
520 9
167 4
744 45
542 19
381 30
571 12
205 38
392 30
436 17
481 43
206 27
657 20
578 15
314 40
283 44
665 36
576 26
278 33
647 44
268 50
158 24
270 19
159 19
4 25
596 6
238 30
720 13
731 17
520 34
653 22
223 9
214 47
391 13
556 47
171 34
539 27
504 16
117 2
197 48
318 19
156 27
646 33
243 35
733 47
376 12
443 32
691 19
314 28
732 46
131 2
498 8
128 20
268 38
4 45
35 28
412 11
23 47
279 39
150 36
35 15
288 36
351 47
676 12
525 4
737 7
24 48
656 13
511 28
529 3
211 44
416 37
150 1
570 18
352 6
354 33
247 36
432 23
216 38
422 2
679 29
745 44
375 21
465 12
664 1
223 13
370 14
393 23
82 22
363 1
681 31
67 16
717 50
112 31
500 40
275 25
361 9
499 9
676 5
543 17
302 21
518 27
732 14
46 33
276 7
96 20
434 1
560 21
312 25
575 24
727 30
105 14
359 6
479 44
521 19
567 16
679 19
493 42
385 42
303 37
38 45
729 6
148 50
435 33
599 37
462 28
581 2
111 24
747 11
286 49
177 4
28 42
730 37
421 37
587 10
637 27
448 0
40 4
286 21
71 35
651 37
411 29
362 16
19 9
552 17
718 6
247 14
709 25
415 14
219 3
683 1
45 18
264 24
347 14
91 3
639 4
330 7
188 23
706 25
403 20
340 23
20 15
167 44
688 19
658 23
533 45
636 11
106 22
538 37
322 27
744 27
641 22
411 8
3 43
157 20
328 6
145 6
345 3
565 33
623 26
176 37
156 44
282 4
709 26
54 46
349 13
248 37
124 36
730 29
743 26
357 11
740 14
450 47
543 39
99 35
699 20
385 10
571 49
305 37
288 10
585 5
744 33
740 21
445 44
69 13
742 28
572 50
562 37
566 3
375 47
118 19
447 22
437 2
426 16
48 2
321 31
370 6
481 29
477 7
524 43
718 7
744 32
398 26
77 43
486 44
564 36
57 23
658 1
274 22
312 37
687 15
599 42
173 37
710 29
70 42
539 25
734 12
440 38
626 0
599 46
703 5
208 5
721 27
432 26
287 38
517 39
268 5
723 19
508 42
317 49
285 10
535 31
362 8
661 50
307 23
251 7
720 14
405 36
13 22
239 9
623 16
222 33
457 43
107 35
92 20
541 36
204 16
313 25
401 5
721 37
723 8
720 38
22 18
110 18
498 48
251 15
432 32
319 43
307 14
174 37
681 50
123 25
47 3
524 43
82 14
326 0
200 15
735 19
330 22
276 4
53 29
272 1
582 37
365 50
475 24
711 42
213 10
158 35
653 7
75 43
410 28
379 2
687 18
338 7
353 35
232 6
229 10
618 28
195 13
589 21
451 42
282 43
184 13
742 20
251 31
222 32
411 17
210 42
538 7
365 29
339 18
269 46
145 28
201 23
396 19
171 10
167 3
264 3
289 48
345 20
635 16
247 14
543 5
57 0
173 40
715 10
700 38
321 4
575 8
457 16
280 45
698 29
585 36
58 9
729 31
652 36
523 25
227 17
554 21
144 47
686 14
579 25
156 13
304 27
145 44
620 33
713 7
455 1
108 9
146 22
190 11
42 50
467 32
103 39
641 22
334 33
736 45
747 42
644 21
527 12
64 20
251 20
529 4
135 9
476 35
590 22
630 13
1 8
370 31
39 1
294 45
134 48
122 13
500 30
571 11
243 25
486 11
689 25
334 11
646 48
9 13
461 40
707 17
266 43
62 6
298 26
199 28
66 39
530 17
715 32
401 16
134 13
109 37
137 41
665 32
288 18
240 13
141 1
332 6
500 41
167 7
721 3
567 17
12 42
462 46
64 35
12 22
525 8
40 30
21 33
370 24
576 10
212 19
108 8
672 43
242 5
486 27
158 0
325 10
66 22
362 29
32 50
72 43
507 5
737 14
365 16
243 28
415 49
395 33
84 7
629 45
742 46
402 23
40 3
407 32
249 36
203 13
128 37
252 22
492 5
510 7
24 1
603 32
425 40
375 47
404 20
127 6
468 8
671 46
572 22
515 41
225 47
634 37
710 27
158 7
411 24
74 43
609 49
253 8
637 4
593 19
412 38
4 26
9 24
183 10
558 16
286 45
676 2
673 6
395 49
182 50
585 8
248 45
544 40
699 29
258 22
609 25
533 26
674 34
402 33
184 26
347 41
378 33
605 40
654 41
146 31
473 4
282 17
684 2
84 28
251 24
442 32
603 7
484 0
750 10
360 13
286 41
44 49
453 22
262 0
603 28
453 22
128 30
145 44
208 0
508 17
155 24
22 6
107 50
545 19
101 44
311 25
205 45
371 16
159 9
580 16
361 22
118 45
19 40
332 44
462 11
194 30
